Compared Sample,704* - S1,704* - S2,704* - S3,AT* - S1,AT* - S2,AT* - S3,GC* - S1,GC* - S2,GC* - S3,400* - S1,400* - S2,400* - S3,1500* - S1,1500* - S2,1500* - S3,ATMi0 - S1,ATMi0 - S2,ATMi0 - S3,ATMi1 - S1,ATMi1 - S2,ATMi1 - S3,ATMi2 - S1,ATMi2 - S2,ATMi2 - S3,ATMi3 - S1,ATMi3 - S2,ATMi3 - S3,ATMi4 - S1,ATMi4 - S2,ATMi4 - S3
704* - S1,1.0,5.87275574004322e-35,8.875464822097658e-17,1.5097803914081953e-38,1.3967728082391013e-18,2.0637469535378054e-39,3.3254011313554887e-34,2.371927618892194e-129,7.765773897039756e-89,0.00044701578265369363,7.250317566162618e-05,6.345039139025719e-17,7.612716782034082e-31,1.0814466782648347e-82,6.788689439999337e-173,0.0,3.0113308448752005e-59,0.0,0.0,0.0,0.0,5.427712988501961e-141,2.0120631034458453e-174,1.742e-319,2.3600578367257464e-61,3.7018657557483884e-49,4.413288403763037e-301,0.0,9.510110643040047e-152,0.0
704* - S2,5.87275574004322e-35,1.0,1.8858573845051265e-56,0.3740309439127062,8.83930086691593e-06,0.6483048072617741,1.4800232921730415e-128,3.796532655e-314,4.0976228980945636e-237,9.65609935928314e-58,1.535637728303797e-10,4.157998675729263e-05,3.539550337099683e-17,2.996319589261289e-42,1.1737216314668887e-85,0.0,2.2195480007628164e-124,0.0,0.0,0.0,0.0,9.79567220864748e-253,7.802986767844382e-306,0.0,4.211085893838306e-148,1.425340467534389e-113,0.0,0.0,1.0537018658849638e-255,0.0
704* - S3,8.875464822097658e-17,1.8858573845051265e-56,1.0,1.7312055422007298e-53,3.1546602492069105e-39,3.4677444913222464e-54,0.759613057249838,1.1794394437545564e-08,0.00015449959631943372,9.449655148894366e-10,2.868554321987688e-24,8.546891668366977e-40,3.078637383794682e-45,1.2894682235031445e-106,1.1464609371642782e-176,8.130460135878264e-134,3.1924752594301173e-09,2.988883809560296e-60,3.138670687169e-110,4.033569321482278e-94,3.448065838052082e-59,1.4542449693623702e-31,4.831270421360927e-39,1.486521823942834e-57,7.438195761718127e-06,4.076208349342902e-06,3.4158177929855225e-44,2.695928324777916e-66,5.158298303253501e-42,2.2466456899778674e-71
AT* - S1,1.5097803914081953e-38,0.3740309439127062,1.7312055422007298e-53,1.0,1.0491661529510134e-05,0.6039995557490345,3.7429992946486296e-160,0.0,5.090405495730887e-309,4.669127191654766e-67,5.939230633460605e-10,0.0001359946845874744,2.3516281392719743e-16,5.779956321865149e-42,3.378828256369002e-92,0.0,3.928476600109864e-125,0.0,0.0,0.0,0.0,6.706927939424411e-256,4.7974253e-317,0.0,5.628830640470405e-152,2.104679029555019e-110,0.0,0.0,5.466214073721617e-251,0.0
AT* - S2,1.3967728082391013e-18,8.83930086691593e-06,3.1546602492069105e-39,1.0491661529510134e-05,1.0,2.0337986183045356e-06,6.591157933447954e-107,4.712456831551544e-308,8.983710585564493e-218,2.2586068388249324e-37,0.002166160231431592,0.9444598380157205,5.594544034513445e-19,1.0753591591075508e-49,1.4246850336290531e-108,0.0,1.2951225280632974e-99,0.0,0.0,0.0,0.0,8.913539072067628e-211,5.243458537728886e-261,0.0,8.13059502173411e-117,8.781244975846581e-87,0.0,0.0,2.8884033921577676e-211,0.0
AT* - S3,2.0637469535378054e-39,0.6483048072617741,3.4677444913222464e-54,0.6039995557490345,2.0337986183045356e-06,1.0,1.1865454977976807e-157,0.0,4.501383658110494e-301,1.838075583557249e-67,1.2910988623266989e-10,3.29840303909349e-05,5.855686752901808e-16,1.2219815548867401e-40,1.8368183586333768e-88,0.0,4.4799101805731904e-125,0.0,0.0,0.0,0.0,7.091432291142409e-255,6.947754425e-315,0.0,6.133406661974815e-152,6.6092868217871276e-111,0.0,0.0,1.795828944272283e-250,0.0
GC* - S1,3.3254011313554887e-34,1.4800232921730415e-128,0.759613057249838,3.7429992946486296e-160,6.591157933447954e-107,1.1865454977976807e-157,1.0,1.8390391347104047e-24,2.437708216937808e-11,2.3163586719223965e-19,3.906137103002957e-44,3.848442207448057e-93,2.8095289551017846e-40,5.0521144799493125e-115,1.947008720869821e-252,0.0,1.5618928823862797e-14,1.38354605734982e-165,0.0,3.156855888272473e-248,9.883419341006445e-179,7.009761577735916e-50,1.891979826088248e-65,5.220682207228609e-130,7.029657807558292e-10,6.34972996205321e-09,6.784651044776258e-110,4.265557569069731e-147,1.0284744244298984e-59,2.2669610130427845e-152
GC* - S2,2.371927618892194e-129,3.796532655e-314,1.1794394437545564e-08,0.0,4.712456831551544e-308,0.0,1.8390391347104047e-24,1.0,0.0006396731288175715,1.6811470103274223e-96,3.5524794390116878e-127,1.358049363216743e-254,1.3098338998272863e-58,1.0532689642124224e-175,0.0,2.1304895422216458e-269,0.02938892329674149,4.698272803179139e-93,1.8087002452856345e-248,4.7101727357392305e-160,9.52279288344412e-89,6.735911407840535e-19,1.109921698501191e-27,8.039963728205014e-63,0.31866236528294056,0.8501059523275372,1.5969742550388317e-42,2.139146174632211e-76,8.541458061105141e-28,9.127395908648594e-79
GC* - S3,7.765773897039756e-89,4.0976228980945636e-237,0.00015449959631943372,5.090405495730887e-309,8.983710585564493e-218,4.501383658110494e-301,2.437708216937808e-11,0.0006396731288175715,1.0,1.8987883246901935e-62,4.0248880821616136e-94,3.886541690606804e-186,9.843605141891423e-54,6.1532551643808295e-158,0.0,9.182993482225567e-290,6.869431465184108e-05,1.5802861653667748e-111,4.066104264843432e-269,3.108765942377168e-182,3.902144787743735e-111,1.8391245457506307e-27,2.5217871265199385e-38,3.276541988222179e-81,0.1793128617301428,0.07821763021641781,3.565310016063555e-60,5.805005542121168e-96,3.6038822779257664e-37,2.3891796177824536e-99
400* - S1,0.00044701578265369363,9.65609935928314e-58,9.449655148894366e-10,4.669127191654766e-67,2.2586068388249324e-37,1.838075583557249e-67,2.3163586719223965e-19,1.6811470103274223e-96,1.8987883246901935e-62,1.0,3.8547072970988634e-12,2.2718472610072035e-33,1.97977364356029e-34,1.7792396164115017e-94,2.0418509729787578e-201,0.0,8.368819271263112e-45,3.06e-322,0.0,0.0,0.0,3.1886303088922038e-114,3.0862813092715474e-143,2.4584684679969644e-269,1.6039746174653124e-43,2.916323421875629e-35,2.6220256611324203e-249,7.030302688452202e-295,3.083179477431047e-125,7.730888763941336e-306
400* - S2,7.250317566162618e-05,1.535637728303797e-10,2.868554321987688e-24,5.939230633460605e-10,0.002166160231431592,1.2910988623266989e-10,3.906137103002957e-44,3.5524794390116878e-127,4.0248880821616136e-94,3.8547072970988634e-12,1.0,0.0025923685675179066,1.2399196745354285e-22,9.306978552655339e-57,2.512604717411281e-110,0.0,2.7897832043522983e-65,2.40606e-318,0.0,0.0,0.0,2.727739957276832e-144,6.092253987835141e-174,2.420931202706485e-292,5.241318146536366e-71,5.028689254326094e-58,1.3221257569063498e-275,5.07671364e-316,6.799746406905852e-155,0.0
400* - S3,6.345039139025719e-17,4.157998675729263e-05,8.546891668366977e-40,0.0001359946845874744,0.9444598380157205,3.29840303909349e-05,3.848442207448057e-93,1.358049363216743e-254,3.886541690606804e-186,2.2718472610072035e-33,0.0025923685675179066,1.0,3.9658814545378556e-20,1.1743096770682966e-51,4.946203840617732e-108,0.0,1.3194101064805322e-98,0.0,0.0,0.0,0.0,1.1969923797590274e-208,3.926629867794437e-255,0.0,4.630177868582955e-114,2.110645756027057e-87,0.0,0.0,4.222574258146177e-213,0.0
1500* - S1,7.612716782034082e-31,3.539550337099683e-17,3.078637383794682e-45,2.3516281392719743e-16,5.594544034513445e-19,5.855686752901808e-16,2.8095289551017846e-40,1.3098338998272863e-58,9.843605141891423e-54,1.97977364356029e-34,1.2399196745354285e-22,3.9658814545378556e-20,1.0,0.32986379028661883,0.1331405062199431,8.192879152464182e-128,6.716025871099963e-52,9.131299943358777e-89,1.6621971768760347e-122,5.8051744948815864e-114,2.1980014524036695e-101,6.700178536638653e-89,1.4674646092484693e-93,3.2101326624396596e-104,4.949218065416886e-62,5.1297183324028325e-62,7.733819015897461e-99,2.5214954344951448e-110,1.1707350812933634e-102,1.2998224182477515e-120
1500* - S2,1.0814466782648347e-82,2.996319589261289e-42,1.2894682235031445e-106,5.779956321865149e-42,1.0753591591075508e-49,1.2219815548867401e-40,5.0521144799493125e-115,1.0532689642124224e-175,6.1532551643808295e-158,1.7792396164115017e-94,9.306978552655339e-57,1.1743096770682966e-51,0.32986379028661883,1.0,0.44547392938203656,0.0,1.623852286291999e-133,3.672120576484286e-272,0.0,0.0,1.407903953e-314,1.1268483576732196e-231,8.05289786655239e-251,4.703299867732049e-307,2.0912277758910417e-163,4.226969479748037e-152,1.6562986500515764e-295,0.0,1.9845204253027093e-254,0.0
1500* - S3,6.788689439999337e-173,1.1737216314668887e-85,1.1464609371642782e-176,3.378828256369002e-92,1.4246850336290531e-108,1.8368183586333768e-88,1.947008720869821e-252,0.0,0.0,2.0418509729787578e-201,2.512604717411281e-110,4.946203840617732e-108,0.1331405062199431,0.44547392938203656,1.0,0.0,2.4395713269377278e-241,0.0,0.0,0.0,0.0,0.0,0.0,0.0,1.893896694489201e-305,1.2835820079345275e-259,0.0,0.0,0.0,0.0
ATMi0 - S1,0.0,0.0,8.130460135878264e-134,0.0,0.0,0.0,0.0,2.1304895422216458e-269,9.182993482225567e-290,0.0,0.0,0.0,8.192879152464182e-128,0.0,0.0,1.0,2.755567031737199e-62,3.697943773200893e-37,1.942113488243222e-17,3.153629795415264e-14,3.370140584755515e-86,2.4300185270043524e-38,6.820075761838194e-35,1.0765707267376168e-48,1.145563052735176e-134,8.949346462478168e-90,2.0720735866905796e-98,7.882399281912507e-37,3.468726907811108e-19,5.920947511104702e-37
ATMi0 - S2,3.0113308448752005e-59,2.2195480007628164e-124,3.1924752594301173e-09,3.928476600109864e-125,1.2951225280632974e-99,4.4799101805731904e-125,1.5618928823862797e-14,0.02938892329674149,6.869431465184108e-05,8.368819271263112e-45,2.7897832043522983e-65,1.3194101064805322e-98,6.716025871099963e-52,1.623852286291999e-133,2.4395713269377278e-241,2.755567031737199e-62,1.0,1.084292203008071e-18,8.629263810123022e-44,5.811808996051615e-36,1.2226997727726476e-14,5.590440793373059e-06,1.171458517329285e-08,6.631101554458277e-15,0.009895509856752447,0.06567800998388185,5.7148864293273426e-08,3.587062345904058e-19,9.50907565249235e-11,1.412061260160162e-20
ATMi0 - S3,0.0,0.0,2.988883809560296e-60,0.0,0.0,0.0,1.38354605734982e-165,4.698272803179139e-93,1.5802861653667748e-111,3.06e-322,2.40606e-318,0.0,9.131299943358777e-89,3.672120576484286e-272,0.0,3.697943773200893e-37,1.084292203008071e-18,1.0,1.47471015470155e-12,7.060956361517141e-08,1.751569879440454e-05,2.9604368881684198e-05,0.002128630425534761,0.0176998150021491,8.83329866673516e-49,1.4189616853274315e-31,3.9554404125574466e-13,0.5771685397680872,0.2800804592349033,0.6567792823015428
ATMi1 - S1,0.0,0.0,3.138670687169e-110,0.0,0.0,0.0,0.0,1.8087002452856345e-248,4.066104264843432e-269,0.0,0.0,0.0,1.6621971768760347e-122,0.0,0.0,1.942113488243222e-17,8.629263810123022e-44,1.47471015470155e-12,1.0,0.5460307019612789,2.169934209681616e-45,7.023229325981032e-20,2.7146908368452747e-16,9.915058465470119e-21,1.1366332447117783e-104,1.5211145806041637e-66,8.654053870032148e-59,1.346912381860676e-12,2.6473509077454387e-07,2.9078257755139354e-12
ATMi1 - S2,0.0,0.0,4.033569321482278e-94,0.0,0.0,0.0,3.156855888272473e-248,4.7101727357392305e-160,3.108765942377168e-182,0.0,0.0,0.0,5.8051744948815864e-114,0.0,0.0,3.153629795415264e-14,5.811808996051615e-36,7.060956361517141e-08,0.5460307019612789,1.0,2.129621972861062e-27,5.41962152352821e-16,8.556474743788914e-13,1.6940936349600024e-14,1.0932947220844494e-84,5.165876804032388e-56,2.7339888671737893e-40,9.613592838689815e-09,6.45125047269847e-06,1.3065454216119539e-08
ATMi1 - S3,0.0,0.0,3.448065838052082e-59,0.0,0.0,0.0,9.883419341006445e-179,9.52279288344412e-89,3.902144787743735e-111,0.0,0.0,0.0,2.1980014524036695e-101,1.407903953e-314,0.0,3.370140584755515e-86,1.2226997727726476e-14,1.751569879440454e-05,2.169934209681616e-45,2.129621972861062e-27,1.0,0.04246387043677687,0.5503757607416837,0.21720154748726592,1.4673959671735922e-43,3.428920541248552e-27,4.2856232405084446e-05,0.0008934672902752675,0.2088207512182037,0.0004889883812293511
ATMi2 - S1,5.427712988501961e-141,9.79567220864748e-253,1.4542449693623702e-31,6.706927939424411e-256,8.913539072067628e-211,7.091432291142409e-255,7.009761577735916e-50,6.735911407840535e-19,1.8391245457506307e-27,3.1886303088922038e-114,2.727739957276832e-144,1.1969923797590274e-208,6.700178536638653e-89,1.1268483576732196e-231,0.0,2.4300185270043524e-38,5.590440793373059e-06,2.9604368881684198e-05,7.023229325981032e-20,5.41962152352821e-16,0.04246387043677687,1.0,0.24432273510847247,0.00792144317384746,1.2898943760075219e-17,9.959376817656891e-13,0.6468770653687553,6.451078993099756e-05,0.012550661784015543,2.562073752756173e-05
ATMi2 - S2,2.0120631034458453e-174,7.802986767844382e-306,4.831270421360927e-39,4.7974253e-317,5.243458537728886e-261,6.947754425e-315,1.891979826088248e-65,1.109921698501191e-27,2.5217871265199385e-38,3.0862813092715474e-143,6.092253987835141e-174,3.926629867794437e-255,1.4674646092484693e-93,8.05289786655239e-251,0.0,6.820075761838194e-35,1.171458517329285e-08,0.002128630425534761,2.7146908368452747e-16,8.556474743788914e-13,0.5503757607416837,0.24432273510847247,1.0,0.1717339929516139,5.0484483870103636e-24,3.148645050446983e-17,0.04486997554251547,0.005498756032979952,0.14341237722108188,0.0031602550506330206
ATMi2 - S3,1.742e-319,0.0,1.486521823942834e-57,0.0,0.0,0.0,5.220682207228609e-130,8.039963728205014e-63,3.276541988222179e-81,2.4584684679969644e-269,2.420931202706485e-292,0.0,3.2101326624396596e-104,4.703299867732049e-307,0.0,1.0765707267376168e-48,6.631101554458277e-15,0.0176998150021491,9.915058465470119e-21,1.6940936349600024e-14,0.21720154748726592,0.00792144317384746,0.1717339929516139,1.0,4.1056739753363443e-41,1.873687233839469e-27,6.149400402295343e-06,0.07299932863472255,0.6419057612502548,0.05162570758806498
ATMi3 - S1,2.3600578367257464e-61,4.211085893838306e-148,7.438195761718127e-06,5.628830640470405e-152,8.13059502173411e-117,6.133406661974815e-152,7.029657807558292e-10,0.31866236528294056,0.1793128617301428,1.6039746174653124e-43,5.241318146536366e-71,4.630177868582955e-114,4.949218065416886e-62,2.0912277758910417e-163,1.893896694489201e-305,1.145563052735176e-134,0.009895509856752447,8.83329866673516e-49,1.1366332447117783e-104,1.0932947220844494e-84,1.4673959671735922e-43,1.2898943760075219e-17,5.0484483870103636e-24,4.1056739753363443e-41,1.0,0.5630501729116377,5.9264398773754964e-27,6.009193312735591e-50,1.1074153693790887e-26,2.397158245252109e-53
ATMi3 - S2,3.7018657557483884e-49,1.425340467534389e-113,4.076208349342902e-06,2.104679029555019e-110,8.781244975846581e-87,6.6092868217871276e-111,6.34972996205321e-09,0.8501059523275372,0.07821763021641781,2.916323421875629e-35,5.028689254326094e-58,2.110645756027057e-87,5.1297183324028325e-62,4.226969479748037e-152,1.2835820079345275e-259,8.949346462478168e-90,0.06567800998388185,1.4189616853274315e-31,1.5211145806041637e-66,5.165876804032388e-56,3.428920541248552e-27,9.959376817656891e-13,3.148645050446983e-17,1.873687233839469e-27,0.5630501729116377,1.0,3.569498988347824e-17,9.563674918207185e-34,2.427174714416616e-20,2.2929651619529638e-36
ATMi3 - S3,4.413288403763037e-301,0.0,3.4158177929855225e-44,0.0,0.0,0.0,6.784651044776258e-110,1.5969742550388317e-42,3.565310016063555e-60,2.6220256611324203e-249,1.3221257569063498e-275,0.0,7.733819015897461e-99,1.6562986500515764e-295,0.0,2.0720735866905796e-98,5.7148864293273426e-08,3.9554404125574466e-13,8.654053870032148e-59,2.7339888671737893e-40,4.2856232405084446e-05,0.6468770653687553,0.04486997554251547,6.149400402295343e-06,5.9264398773754964e-27,3.569498988347824e-17,1.0,1.193370444736961e-10,0.0004859209839267001,2.598782832565175e-11
ATMi4 - S1,0.0,0.0,2.695928324777916e-66,0.0,0.0,0.0,4.265557569069731e-147,2.139146174632211e-76,5.805005542121168e-96,7.030302688452202e-295,5.07671364e-316,0.0,2.5214954344951448e-110,0.0,0.0,7.882399281912507e-37,3.587062345904058e-19,0.5771685397680872,1.346912381860676e-12,9.613592838689815e-09,0.0008934672902752675,6.451078993099756e-05,0.005498756032979952,0.07299932863472255,6.009193312735591e-50,9.563674918207185e-34,1.193370444736961e-10,1.0,0.4391243718049065,0.9047856202112907
ATMi4 - S2,9.510110643040047e-152,1.0537018658849638e-255,5.158298303253501e-42,5.466214073721617e-251,2.8884033921577676e-211,1.795828944272283e-250,1.0284744244298984e-59,8.541458061105141e-28,3.6038822779257664e-37,3.083179477431047e-125,6.799746406905852e-155,4.222574258146177e-213,1.1707350812933634e-102,1.9845204253027093e-254,0.0,3.468726907811108e-19,9.50907565249235e-11,0.2800804592349033,2.6473509077454387e-07,6.45125047269847e-06,0.2088207512182037,0.012550661784015543,0.14341237722108188,0.6419057612502548,1.1074153693790887e-26,2.427174714416616e-20,0.0004859209839267001,0.4391243718049065,1.0,0.37657581267128093
ATMi4 - S3,0.0,0.0,2.2466456899778674e-71,0.0,0.0,0.0,2.2669610130427845e-152,9.127395908648594e-79,2.3891796177824536e-99,7.730888763941336e-306,0.0,0.0,1.2998224182477515e-120,0.0,0.0,5.920947511104702e-37,1.412061260160162e-20,0.6567792823015428,2.9078257755139354e-12,1.3065454216119539e-08,0.0004889883812293511,2.562073752756173e-05,0.0031602550506330206,0.05162570758806498,2.397158245252109e-53,2.2929651619529638e-36,2.598782832565175e-11,0.9047856202112907,0.37657581267128093,1.0
